Classification Report
============================================================

              precision    recall  f1-score   support

           0     0.9738    0.9867    0.9802       980
           1     0.9868    0.9885    0.9877      1135
           2     0.9709    0.9690    0.9699      1032
           3     0.9675    0.9733    0.9704      1010
           4     0.9804    0.9674    0.9739       982
           5     0.9751    0.9664    0.9707       892
           6     0.9749    0.9718    0.9733       958
           7     0.9688    0.9669    0.9679      1028
           8     0.9631    0.9651    0.9641       974
           9     0.9546    0.9594    0.9570      1009

    accuracy                         0.9717     10000
   macro avg     0.9716    0.9715    0.9715     10000
weighted avg     0.9717    0.9717    0.9717     10000
