Classification Report
============================================================

              precision    recall  f1-score   support

           0     0.9749    0.9929    0.9838       980
           1     0.9877    0.9903    0.9890      1135
           2     0.9718    0.9671    0.9694      1032
           3     0.9675    0.9713    0.9694      1010
           4     0.9797    0.9807    0.9802       982
           5     0.9675    0.9675    0.9675       892
           6     0.9822    0.9802    0.9812       958
           7     0.9673    0.9776    0.9724      1028
           8     0.9802    0.9651    0.9726       974
           9     0.9779    0.9633    0.9705      1009

    accuracy                         0.9758     10000
   macro avg     0.9757    0.9756    0.9756     10000
weighted avg     0.9758    0.9758    0.9758     10000
